home : 11.1848505, 75.8435999
Grand bakes : 11.1838543, 75.8435412
Grand Hotel : 11.1828665, 75.8458570
Ramanattukara : 11.177580,75.864940
kozhikode:11.2551448, 75.7697557